MEMORY
  total           15076 KB
  struct            159 KB
  buffer            581 KB
  arena           14336 KB, used 0.2%

SIZES
  narena                14680064
  nbuffer               595008
  nplugin               0
  maxuse_stack          2712
  maxuse_arena          31032
  maxuse_con            4
  maxuse_efc            30
  ncon                  4
  ne                    12
  nf                    0
  nl                    0
  nefc                  28
  nJ                    392
  nA                    0
  nisland               2
  nidof                 14
  ntree_awake           4
  nbody_awake           16
  nparent_awake         15
  nv_awake              14
  flg_energypos         0
  flg_energyvel         0
  flg_subtreevel        0
  flg_rnepost           0
  threadpool            0

TIMER
    0:  duration =  0.079      number = 1
    1:  duration =  0.18       number = 2
    2:  duration =  0          number = 0
    3:  duration =  0.15       number = 2
    4:  duration =  0.011      number = 2
    5:  duration =  0.0008     number = 2
    6:  duration =  0.011      number = 2
    7:  duration =  0.0091     number = 1
    8:  duration =  0.0053     number = 2
    9:  duration =  0.0017     number = 2
    10:  duration =  0.13       number = 2
    11:  duration =  0.015      number = 2
    12:  duration =  0.0001     number = 2
    13:  duration =  0.0068     number = 2
    14:  duration =  0.1        number = 2

SOLVER STAT
  solver_fwdinv =   0         0       
  ISLAND 0
    solver_niter = 1
    solver_nnz = 49
      0:  improvement =  8.1e-07     gradient =  1.6e-16     lineslope =  0       
          nactive = 14   nchange = 0   neval = 2   nupdate = 0

  ISLAND 1
    solver_niter = 1
    solver_nnz = 49
      0:  improvement =  6.1e-07     gradient =  2.1e-15     lineslope =  2.6e-20 
          nactive = 14   nchange = 0   neval = 2   nupdate = 0

ENERGY =   0         0       

TIME =  5.1     

QPOS
   0.29    
  -0.3     
   0.77    
  -0.0026  
   0.25    
   0.21    
  -0.27    
   0.0024  
  -0.24    
   0.21    
   0.27    
  -0.29    
   0.3     
  -0.77    

QVEL
   0.036   
  -0.036   
   0.1     
  -0.0048  
   0.035   
   0.03    
  -0.036   
   0.0046  
  -0.033   
   0.028   
   0.034   
  -0.034   
   0.034   
  -0.096   

QACC_WARMSTART
   0.013   
  -0.017   
   0.042   
  -0.0053  
   0.016   
   0.014   
  -0.017   
   0.024   
  -0.15    
   0.13    
   0.15    
  -0.15    
   0.15    
  -0.42    

CTRL
   0       
   0       
   0       
   0       
   0       
   0       

QFRC_APPLIED
   0       
   0       
   0       
   0       
   0       
   0       
   0       
   0       
   0       
   0       
   0       
   0       
   0       
   0       

XFRC_APPLIED
   0         0         0         0         0         0       
   0         0         0         0         0         0       
   0         0         0         0         0         0       
   0         0         0         0         0         0       
   0         0         0         0         0         0       
   0         0         0         0         0         0       
   0         0         0         0         0         0       
   0         0         0         0         0         0       
   0         0         0         0         0         0       
   0         0         0         0         0         0       
   0         0         0         0         0         0       
   0         0         0         0         0         0       
   0         0         0         0         0         0       
   0         0         0         0         0         0       
   0         0         0         0         0         0       
   0         0         0         0         0         0       

EQ_ACTIVE             1 1 1 1

QACC
   0.013   
  -0.017   
   0.042   
  -0.0053  
   0.016   
   0.014   
  -0.017   
   0.024   
  -0.15    
   0.13    
   0.15    
  -0.15    
   0.15    
  -0.42    

SENSOR
   1       
   0       
   0       
   0       
   0       
   0       
   0       
   0.77    
  -0.77    
  -0.0026  
   0.29    
   0.0024  
  -0.29    

TREE_ASLEEP
  -11
  -11
  -11
  -11

XPOS
   0         0         0       
   0         0         0.2     
  -0.014    -0.2       0.33    
  -0.013    -0.23      0.12    
   0.24     -0.25      0.077   
  -0.014    -0.22      0.33    
   0.084    -0.2       0.34    
   0.1      -0.21      0.22    
  -0.075    -0.2       0.26    
  -0.014     0.22      0.33    
   0.084     0.2       0.34    
   0.1       0.21      0.22    
  -0.075     0.2       0.26    
  -0.014     0.2       0.33    
  -0.013     0.24      0.12    
   0.24      0.25      0.077   

XQUAT
   1         0         0         0       
   1         0         0         0       
   0.7       0.7      -0.1       0.1     
   0.71      0.71      0.0037   -0.0037  
   0.65      0.65      0.27     -0.27    
   0.71      0.71      0.00092  -0.00092 
   0.7       0.7      -0.086     0.086   
   0.71      0.71     -0.012     0.012   
   0.7       0.7      -0.11      0.11    
   0.71      0.71      0.00084  -0.00084 
   0.7       0.7      -0.085     0.085   
   0.71      0.71     -0.012     0.012   
   0.7       0.7      -0.11      0.11    
   0.7       0.7      -0.1       0.1     
   0.71      0.71      0.0037   -0.0037  
   0.65      0.65      0.27     -0.27    

XMAT
   1         0         0         0         1         0         0         0         1       
   1         0         0         0         1         0         0         0         1       
   0.96     -0.28      0        -1.2e-06  -4.1e-06  -1         0.28      0.96     -4.2e-06 
   1         0.01      2.4e-17   4.4e-08  -4.2e-06  -1        -0.01      1        -4.2e-06 
   0.71      0.7       5.6e-17   3e-06    -3e-06    -1        -0.7       0.71     -4.2e-06 
   1         0.0026   -2.2e-19   1.1e-08  -4.2e-06  -1        -0.0026    1        -4.2e-06 
   0.97     -0.24     -2.8e-17  -1e-06    -4.1e-06  -1         0.24      0.97     -4.2e-06 
   1        -0.035    -3.1e-17  -1.5e-07  -4.2e-06  -1         0.035     1        -4.2e-06 
   0.95     -0.3      -2.8e-17  -1.3e-06  -4e-06    -1         0.3       0.95     -4.2e-06 
   1         0.0024    0         1e-08    -4.2e-06  -1        -0.0024    1        -4.2e-06 
   0.97     -0.24      1.4e-17  -1e-06    -4.1e-06  -1         0.24      0.97     -4.2e-06 
   1        -0.035     6.9e-18  -1.5e-07  -4.2e-06  -1         0.035     1        -4.2e-06 
   0.95     -0.3       0        -1.3e-06  -4.1e-06  -1         0.3       0.95     -4.2e-06 
   0.96     -0.28      0        -1.2e-06  -4.1e-06  -1         0.28      0.96     -4.2e-06 
   1         0.01     -5.2e-18   4.4e-08  -4.2e-06  -1        -0.01      1        -4.2e-06 
   0.71      0.7       1.1e-16   3e-06    -3e-06    -1        -0.7       0.71     -4.2e-06 

XIPOS
   0         0         0       
  -0.015     0.00033   0.29    
  -0.014    -0.19      0.22    
   0.15     -0.21      0.09    
   0.24     -0.24      0.077   
   0.015    -0.2       0.34    
   0.094    -0.2       0.28    
   0.019    -0.21      0.24    
  -0.073    -0.19      0.21    
   0.015     0.2       0.34    
   0.094     0.2       0.28    
   0.023     0.21      0.24    
  -0.074     0.2       0.21    
  -0.014     0.19      0.22    
   0.15      0.21      0.09    
   0.24      0.25      0.077   

XIMAT
   1         0         0         0         1         0         0         0         1       
   0.0012    0.0047    1        -0.0013   -1         0.0047    1        -0.0013   -0.0012  
  -0.02     -1        -0.0024   -1         0.02     -0.032     0.032     0.0018   -1       
   0.017    -0.14      0.99     -1         0.019     0.019    -0.021    -0.99     -0.14    
   1.3e-06  -0.52      0.85     -1         3.6e-06   3.7e-06  -5e-06    -0.85     -0.52    
  -0.05     -0.22      0.98     -9.5e-05  -0.98     -0.22      1        -0.011     0.049   
  -2.7e-16  -0.99      0.16     -1         7e-07     4.2e-06  -4.2e-06  -0.16     -0.99    
  -0.0034   -0.2       0.98     -1        -0.0034   -0.0041    0.0042   -0.98     -0.2     
  -4.9e-17  -1         0.02     -1         8.4e-08   4.2e-06  -4.2e-06  -0.02     -1       
  -0.05      0.22      0.98     -0.00013  -0.98      0.22      1         0.011     0.049   
  -1.4e-16  -0.99      0.16     -1         6.9e-07   4.2e-06  -4.2e-06  -0.16     -0.99    
   0.0015   -0.2       0.98     -1         0.0068    0.0029   -0.0072   -0.98     -0.2     
  -4.5e-17  -1         0.018    -1         7.6e-08   4.2e-06  -4.2e-06  -0.018    -1       
   0.02     -1        -0.0042   -1        -0.02      0.032    -0.032     0.0035   -1       
  -0.017    -0.14      0.99     -1        -0.019    -0.019     0.021    -0.99     -0.14    
   1e-06    -0.51      0.86     -1         1.6e-06   2.2e-06  -2.5e-06  -0.86     -0.51    

XANCHOR
  -0.014    -0.2       0.33    
  -0.013    -0.23      0.12    
   0.24     -0.25      0.077   
  -0.014    -0.22      0.33    
   0.084    -0.2       0.34    
   0.1      -0.21      0.22    
  -0.075    -0.2       0.26    
  -0.014     0.22      0.33    
   0.084     0.2       0.34    
   0.1       0.21      0.22    
  -0.075     0.2       0.26    
  -0.014     0.2       0.33    
  -0.013     0.24      0.12    
   0.24      0.25      0.077   

XAXIS
   0        -1        -4.2e-06 
   0        -1        -4.2e-06 
  -2.4e-17   1         4.2e-06 
   0        -1        -4.2e-06 
  -2.2e-19  -1        -4.2e-06 
   2.8e-17   1         4.2e-06 
   3.1e-17   1         4.2e-06 
   0         1         4.2e-06 
   0         1         4.2e-06 
  -1.4e-17   1         4.2e-06 
   6.9e-18  -1        -4.2e-06 
   0         1         4.2e-06 
   0         1         4.2e-06 
  -5.2e-18  -1        -4.2e-06 

GEOM_XPOS
   0         0         0       
  -0.015     0.00033   0.29    
  -0.014    -0.19      0.22    
   0.15     -0.21      0.09    
   0.24     -0.24      0.077   
   0.015    -0.2       0.34    
   0.094    -0.2       0.28    
   0.019    -0.21      0.24    
  -0.073    -0.19      0.21    
   0.015     0.2       0.34    
   0.094     0.2       0.28    
   0.023     0.21      0.24    
  -0.074     0.2       0.21    
  -0.014     0.19      0.22    
   0.15      0.21      0.09    
   0.24      0.25      0.077   

GEOM_XMAT
   1         0         0         0         1         0         0         0         1       
   0.0012    0.0047    1        -0.0013   -1         0.0047    1        -0.0013   -0.0012  
  -0.02     -1        -0.0024   -1         0.02     -0.032     0.032     0.0018   -1       
   0.017    -0.14      0.99     -1         0.019     0.019    -0.021    -0.99     -0.14    
   1.3e-06  -0.52      0.85     -1         3.6e-06   3.7e-06  -5e-06    -0.85     -0.52    
  -0.05     -0.22      0.98     -9.5e-05  -0.98     -0.22      1        -0.011     0.049   
  -2.7e-16  -0.99      0.16     -1         7e-07     4.2e-06  -4.2e-06  -0.16     -0.99    
  -0.0034   -0.2       0.98     -1        -0.0034   -0.0041    0.0042   -0.98     -0.2     
  -4.9e-17  -1         0.02     -1         8.4e-08   4.2e-06  -4.2e-06  -0.02     -1       
  -0.05      0.22      0.98     -0.00013  -0.98      0.22      1         0.011     0.049   
  -1.4e-16  -0.99      0.16     -1         6.9e-07   4.2e-06  -4.2e-06  -0.16     -0.99    
   0.0015   -0.2       0.98     -1         0.0068    0.0029   -0.0072   -0.98     -0.2     
  -4.5e-17  -1         0.018    -1         7.6e-08   4.2e-06  -4.2e-06  -0.018    -1       
   0.02     -1        -0.0042   -1        -0.02      0.032    -0.032     0.0035   -1       
  -0.017    -0.14      0.99     -1        -0.019    -0.019     0.021    -0.99     -0.14    
   1e-06    -0.51      0.86     -1         1.6e-06   2.2e-06  -2.5e-06  -0.86     -0.51    

SITE_XPOS
   0.04      0         0       
   0         0.04      0       
   0         0         0.04    
   0         0         0       
   0         0         0.2     
  -0.013    -0.2       0.24    
  -0.073    -0.2       0.15    
  -0.047    -0.22      0.057   
  -0.013    -0.2       0.24    
  -0.073    -0.2       0.15    
  -0.013     0.2       0.24    
  -0.073     0.2       0.15    
  -0.013     0.2       0.24    
  -0.073     0.21      0.15    

SITE_XMAT
   0.0008    0         1         0         1         0        -1         0         0.0008  
   1        -0         0         0         0.0008    1        -0        -1         0.0008  
   1         0         0         0         1         0         0         0         1       
   1         0         0         0         1         0         0         0         1       
   1         0         0         0         1         0         0         0         1       
   0.96     -0.28      0        -1.2e-06  -4.1e-06  -1         0.28      0.96     -4.2e-06 
   1         0.01      2.4e-17   4.4e-08  -4.2e-06  -1        -0.01      1        -4.2e-06 
   1         0.01      2.4e-17   4.4e-08  -4.2e-06  -1        -0.01      1        -4.2e-06 
   1        -0.035    -3.1e-17  -1.5e-07  -4.2e-06  -1         0.035     1        -4.2e-06 
   0.95     -0.3      -2.8e-17  -1.3e-06  -4e-06    -1         0.3       0.95     -4.2e-06 
   1        -0.035     6.9e-18  -1.5e-07  -4.2e-06  -1         0.035     1        -4.2e-06 
   0.95     -0.3       0        -1.3e-06  -4.1e-06  -1         0.3       0.95     -4.2e-06 
   0.96     -0.28      0        -1.2e-06  -4.1e-06  -1         0.28      0.96     -4.2e-06 
   1         0.01     -5.2e-18   4.4e-08  -4.2e-06  -1        -0.01      1        -4.2e-06 

LIGHT_XPOS
   30        30        30      

LIGHT_XDIR
   0        -0.45     -0.89    

SUBTREE_COM
   0.035     0.0004    0.23    
   0.035     0.0004    0.23    
   0.12     -0.21      0.12    
   0.16     -0.21      0.088   
   0.24     -0.24      0.077   
   0.015    -0.2       0.28    
   0.015    -0.2       0.24    
  -0.0098   -0.2       0.23    
  -0.073    -0.19      0.21    
   0.016     0.2       0.28    
   0.017     0.2       0.24    
  -0.0068    0.2       0.23    
  -0.074     0.2       0.21    
   0.12      0.21      0.12    
   0.16      0.22      0.088   
   0.24      0.25      0.077   

CDOF
   0        -1        -4.2e-06   0.11     -2.1e-07   0.049   
   0        -1        -4.2e-06  -0.11     -2e-07     0.048   
  -2.4e-17   1         4.2e-06   0.15     -8.8e-07   0.21    
   0        -1        -4.2e-06   0.11     -2.1e-07   0.049   
  -2.2e-19  -1        -4.2e-06   0.11      2.1e-07  -0.049   
   2.8e-17   1         4.2e-06   0.0055   -2.9e-07   0.068   
   3.1e-17   1         4.2e-06  -0.033     4.6e-07  -0.11    
   0         1         4.2e-06  -0.11      2.1e-07  -0.049   
   0         1         4.2e-06  -0.11     -2.1e-07   0.049   
  -1.4e-17   1         4.2e-06   0.0055   -2.9e-07   0.068   
   6.9e-18  -1        -4.2e-06   0.033    -4.7e-07   0.11    
   0         1         4.2e-06  -0.11      2.1e-07  -0.049   
   0         1         4.2e-06   0.11      2.1e-07  -0.048   
  -5.2e-18  -1        -4.2e-06  -0.15      8.7e-07  -0.21    

CINERT
   0         0         0         0         0         0         0         0         0         0       
   0.1       0.16      0.16     -0.00023   0.025    -4.1e-06  -0.42     -0.00059   0.51      8.4     
   0.029     0.0063    0.026    -0.0063   -0.00025  -0.0011   -0.033    -0.13     -0.0049    0.67    
   0.1       0.072     0.11      0.038     0.028    -0.047     0.18     -0.34     -0.23      1.6     
   0.027     0.022     0.033     0.016     0.01     -0.012     0.067    -0.079    -0.049     0.32    
   0.01      0.0027    0.0084   -0.00075   0.00042   0.0043   -0.004    -0.04      0.022     0.2     
   0.0025    0.00046   0.0025    0.00067  -0.00017   0.00061   0.0034   -0.011     0.0031    0.057   
   0.0055    0.00047   0.0059   -0.00043   0.0001    0.00025  -0.0021   -0.026     0.0012    0.13    
   0.0023    0.0008    0.0028   -0.0012   -0.00014  -0.00025  -0.0062   -0.011    -0.0013    0.057   
   0.01      0.0027    0.0084    0.00075   0.00042  -0.0043   -0.004     0.04      0.022     0.2     
   0.0025    0.00046   0.0025   -0.00067  -0.00017  -0.00061   0.0034    0.011     0.0031    0.057   
   0.0055    0.00046   0.0059    0.00032   9.4e-05  -0.00022  -0.0015    0.026     0.0011    0.13    
   0.0023    0.0008    0.0028    0.0012   -0.00014   0.00025  -0.0062    0.011    -0.0013    0.057   
   0.029     0.0063    0.026     0.0063   -0.00026   0.0011   -0.033     0.13     -0.0049    0.67    
   0.1       0.072     0.11     -0.038     0.028     0.047     0.18      0.34     -0.23      1.6     
   0.027     0.022     0.033    -0.016     0.01      0.012     0.066     0.079    -0.049     0.32    

ACTUATOR_LENGTH
  -0.0026  
   0.29    
   0.0024  
  -0.29    
   0.77    
  -0.77    

actuator_moment
----------------
    x           |
 x              |
        x       |
            x   |
   x            |
              x |
----------------

ACTUATOR_MOMENT
     3:  1       
     0:  1       
     7:  1       
    11:  1       
     2:  1       
    13:  1       

CRB
   0         0         0         0         0         0         0         0         0         0       
   0.46      0.37      0.54     -0.0002    0.1       6.6e-05  -1.1e-16   0         5.6e-16   15      
   0.16      0.1       0.17      0.048     0.038    -0.06      0.22     -0.55     -0.28      2.6     
   0.13      0.094     0.14      0.054     0.038    -0.059     0.25     -0.42     -0.28      2       
   0.027     0.022     0.033     0.016     0.01     -0.012     0.067    -0.079    -0.049     0.32    
   0.021     0.0044    0.02     -0.0017    0.00022   0.0049   -0.0089   -0.089     0.025     0.44    
   0.01      0.0017    0.011    -0.00097  -0.0002    0.00061  -0.0049   -0.049     0.003     0.24    
   0.0078    0.0013    0.0087   -0.0016   -3.6e-05  -1.5e-06  -0.0083   -0.038    -7.7e-05   0.18    
   0.0023    0.0008    0.0028   -0.0012   -0.00014  -0.00025  -0.0062   -0.011    -0.0013    0.057   
   0.021     0.0044    0.02      0.0016    0.00021  -0.0049   -0.0084    0.089     0.024     0.44    
   0.01      0.0017    0.011     0.00086  -0.00021  -0.00058  -0.0044    0.049     0.0029    0.24    
   0.0078    0.0013    0.0087    0.0015   -4.2e-05   2.4e-05  -0.0077    0.038    -0.00018   0.18    
   0.0023    0.0008    0.0028    0.0012   -0.00014   0.00025  -0.0062    0.011    -0.0013    0.057   
   0.16      0.1       0.17     -0.048     0.038     0.06      0.22      0.55     -0.28      2.6     
   0.13      0.094     0.14     -0.054     0.038     0.059     0.25      0.42     -0.28      2       
   0.027     0.022     0.033    -0.016     0.01      0.012     0.066     0.079    -0.049     0.32    

QM
   0.22    
   0.099     0.085   
  -0.0009   -0.0009    0.0009  
                                 0.0044  
                                 0.0033    0.0051  
                                -0.00072  -0.0028    0.0033  
                                -0.0005   -0.00051   0.00014   0.00028 
                                                                         0.0044  
                                                                         0.0034    0.0051  
                                                                         0.00071   0.0027    0.0032  
                                                                        -0.0005   -0.00051  -0.00014   0.00028 
                                                                                                                 0.22    
                                                                                                                 0.099     0.085   
                                                                                                                -0.0009   -0.0009    0.0009  

M
     0:  0.22    
     0:  0.099      1:  0.085   
     0: -0.0009     1: -0.0009     2:  0.0009  
     3:  0.0044  
     3:  0.0033     4:  0.0051  
     3: -0.00072    4: -0.0028     5:  0.0033  
     3: -0.0005     4: -0.00051    5:  0.00014    6:  0.00028 
     7:  0.0044  
     7:  0.0034     8:  0.0051  
     7:  0.00071    8:  0.0027     9:  0.0032  
     7: -0.0005     8: -0.00051    9: -0.00014   10:  0.00028 
    11:  0.22    
    11:  0.099     12:  0.085   
    11: -0.0009    12: -0.0009    13:  0.0009  

QLD
     0:  0.1     
     0:  1.2        1:  0.085   
     0: -1          1: -1          2:  0.0009  
     3:  0.0015  
     3:  0.93       4:  0.0022  
     3: -0.14       4: -0.78       5:  0.0032  
     3: -1.8        4: -1.8        5:  0.52       6:  0.00028 
     7:  0.0015  
     7:  0.94       8:  0.0022  
     7:  0.14       8:  0.78       9:  0.0031  
     7: -1.8        8: -1.9        9: -0.52      10:  0.00028 
    11:  0.1     
    11:  1.2       12:  0.085   
    11: -1         12: -1         13:  0.0009  

QLDIAGINV
   9.8     
   12      
   1.1e+03 
   6.8e+02 
   4.5e+02 
   3.1e+02 
   3.6e+03 
   6.7e+02 
   4.5e+02 
   3.2e+02 
   3.6e+03 
   9.8     
   12      
   1.1e+03 

M: inertia structure
----------------
 x              |
 xx             |
 xxx            |
    x           |
    xx          |
    xxx         |
    xxxx        |
        x       |
        xx      |
        xxx     |
        xxxx    |
            x   |
            xx  |
            xxx |
----------------

iM: block-diagonal inertia (nnzs are island ids)
----------------
 0              |
 00             |
 000            |
    0           |
    00          |
    000         |
    0000        |
        1       |
        11      |
        111     |
        1111    |
            1   |
            11  |
            111 |
----------------

QH
     0:  0.1     
     0:  1.2        1:  0.085   
     0: -1          1: -1          2:  0.0009  
     3:  0.0015  
     3:  0.93       4:  0.0022  
     3: -0.14       4: -0.78       5:  0.0032  
     3: -1.8        4: -1.8        5:  0.52       6:  0.00028 
     7:  0.0015  
     7:  0.94       8:  0.0022  
     7:  0.14       8:  0.78       9:  0.0031  
     7: -1.8        8: -1.9        9: -0.52      10:  0.00028 
    11:  0.1     
    11:  1.2       12:  0.085   
    11: -1         12: -1         13:  0.0009  

QHDIAGINV
   9.8     
   12      
   1.1e+03 
   6.8e+02 
   4.5e+02 
   3.1e+02 
   3.6e+03 
   6.7e+02 
   4.5e+02 
   3.2e+02 
   3.6e+03 
   9.8     
   12      
   1.1e+03 

TREE_AWAKE
  1 1 1 1

BODY_AWAKE
  -1 -1 1 1 1 1 1 1 1 1 1 1 1 1 1 1

BODY_AWAKE_IND
  0 1 2 3 4 5 6 7 8 9 10 11 12 13 14 15

PARENT_AWAKE_IND
  1 2 3 4 5 6 7 8 9 10 11 12 13 14 15

DOF_AWAKE_IND
  0 1 2 3 4 5 6 7 8 9 10 11 12 13

QDERIV
     0: -9.4e-06    1: -3.9e-06    2:  8.3e-08 
     0: -3.9e-06    1: -3.4e-06    2:  8.3e-08 
     0:  8.3e-08    1:  8.3e-08    2: -8.3e-08 
     3: -7.2e-07    4: -6.2e-07    5:  1.2e-07    6:  1.5e-07 
     3: -6.2e-07    4: -8.7e-07    5:  4.1e-07    6:  1.5e-07 
     3:  1.2e-07    4:  4.1e-07    5: -4.6e-07    6: -3e-08   
     3:  1.5e-07    4:  1.5e-07    5: -3e-08      6: -7.4e-08 
     7: -7.2e-07    8: -6.1e-07    9: -1.2e-07   10:  1.4e-07 
     7: -6.1e-07    8: -8.5e-07    9: -4e-07     10:  1.5e-07 
     7: -1.2e-07    8: -4e-07      9: -4.5e-07   10:  3e-08   
     7:  1.4e-07    8:  1.5e-07    9:  3e-08     10: -7.2e-08 
    11: -9.1e-06   12: -3.7e-06   13:  8.1e-08 
    11: -3.7e-06   12: -3.3e-06   13:  8.1e-08 
    11:  8.1e-08   12:  8.1e-08   13: -8.1e-08 

CONTACT
  0:
     dim           3
     geoms         floor : 4
     exclude       0
     efc_address   12
     solref         0.02      1       
     solimp         0.9       0.95      0.001     0.5       2       
     dist          -0.00024 
     includemargin  0       
     pos            0.24     -0.25     -0.00012 
     frame          0         0         1         0         1         0        -1         0         0       
     friction       1         1         0.005     0.0001    0.0001  
     mu             1       
     force          14        1.4e-08   0.018     0         0         0       
  1:
     dim           3
     geoms         floor : 15
     exclude       0
     efc_address   16
     solref         0.02      1       
     solimp         0.9       0.95      0.001     0.5       2       
     dist          -0.00024 
     includemargin  0       
     pos            0.24      0.24     -0.00012 
     frame          0         0         1         0         1         0        -1         0         0       
     friction       1         1         0.005     0.0001    0.0001  
     mu             1       
     force          14       -1.5e-08  -0.033     0         0         0       
  2:
     dim           3
     geoms         3 : 8
     exclude       0
     efc_address   20
     solref         0.02      1       
     solimp         0.9       0.95      0.001     0.5       2       
     dist          -0.0005  
     includemargin  0       
     pos           -0.061    -0.2       0.14    
     frame         -0.058     1         0.0048    0.00028  -0.0048    1         1         0.058    -5.4e-20 
     friction       1         1         0.005     0.0001    0.0001  
     mu             1       
     force          2        -0.036    -0.0097    0         0         0       
  3:
     dim           3
     geoms         12 : 14
     exclude       0
     efc_address   24
     solref         0.02      1       
     solimp         0.9       0.95      0.001     0.5       2       
     dist          -0.0005  
     includemargin  0       
     pos           -0.062     0.2       0.14    
     frame          0.058     1        -0.0048    0.00028   0.0048    1         1        -0.058     0       
     friction       1         1         0.005     0.0001    0.0001  
     mu             1       
     force          2         0.035     0.0094    0         0         0       

EFC_TYPE
  0
  0
  0
  0
  0
  0
  0
  0
  0
  0
  0
  0
  6
  6
  6
  6
  6
  6
  6
  6
  6
  6
  6
  6
  6
  6
  6
  6

EFC_ID
  0
  0
  0
  1
  1
  1
  2
  2
  2
  3
  3
  3
  0
  0
  0
  0
  1
  1
  1
  1
  2
  2
  2
  2
  3
  3
  3
  3

EFC_J
  -0.098     0         0         0.098     0.1       0.013     0         0         0         0         0         0         0         0       
   3.2e-09   0         0        -3.2e-09   4.1e-07  -4.9e-07   0         0         0         0         0         0         0         0       
  -0.00075   0         0         0.00075  -0.097     0.12      0         0         0         0         0         0         0         0       
  -0.19      0.027     0         0.19      0.19     -0.077    -0.12      0         0         0         0         0         0         0       
  -2.5e-07  -2.6e-07   0         2.5e-07   6.7e-07  -7.5e-07   6.2e-09   0         0         0         0         0         0         0       
   0.059     0.06      0        -0.059    -0.16      0.18     -0.0015    0         0         0         0         0         0         0       
   0         0         0         0         0         0         0         0.098     0.1      -0.013     0        -0.098     0         0       
   0         0         0         0         0         0         0        -2.5e-09   4.1e-07   4.9e-07   0         2.5e-09   0         0       
   0         0         0         0         0         0         0         0.00058  -0.097    -0.12      0        -0.00058   0         0       
   0         0         0         0         0         0         0         0.19      0.19      0.077    -0.12     -0.19      0.027     0       
   0         0         0         0         0         0         0         2.5e-07   6.7e-07   7.5e-07   5.3e-09  -2.5e-07  -2.6e-07   0       
   0         0         0         0         0         0         0        -0.06     -0.16     -0.18     -0.0013    0.06      0.06      0       
   0.26      0.25     -9.8e-05   0         0         0         0         0         0         0         0         0         0         0       
   0.26      0.25     -9.8e-05   0         0         0         0         0         0         0         0         0         0         0       
  -0.079     0.14      0.077     0         0         0         0         0         0         0         0         0         0         0       
   0.59      0.37     -0.077     0         0         0         0         0         0         0         0         0         0         0       
   0         0         0         0         0         0         0         0         0         0         0        -0.25     -0.25     -0.00021 
   0         0         0         0         0         0         0         0         0         0         0        -0.25     -0.25     -0.00021 
   0         0         0         0         0         0         0         0         0         0         0         0.079    -0.14     -0.077   
   0         0         0         0         0         0         0         0         0         0         0        -0.59     -0.37      0.077   
   0.059     0.047     0        -0.059    -0.16      0.17     -0.0064    0         0         0         0         0         0         0       
  -0.036    -0.05      0         0.036     0.13     -0.16      0.02      0         0         0         0         0         0         0       
  -0.18      0.022     0         0.18      0.18     -0.075    -0.11      0         0         0         0         0         0         0       
   0.2      -0.025     0        -0.2      -0.21      0.086     0.13      0         0         0         0         0         0         0       
   0         0         0         0         0         0         0        -0.037    -0.13     -0.16     -0.02      0.037     0.05      0       
   0         0         0         0         0         0         0         0.059     0.16      0.17      0.0061   -0.059    -0.047     0       
   0         0         0         0         0         0         0         0.2       0.21      0.086    -0.13     -0.2       0.024     0       
   0         0         0         0         0         0         0        -0.18     -0.18     -0.075     0.11      0.18     -0.022     0       

IEFC_J
  -0.098     0         0         0.098     0.1       0.013     0       ......... ......... ......... ......... ......... ......... ......... 
   3.2e-09   0         0        -3.2e-09   4.1e-07  -4.9e-07   0       ......... ......... ......... ......... ......... ......... ......... 
  -0.00075   0         0         0.00075  -0.097     0.12      0       ......... ......... ......... ......... ......... ......... ......... 
  -0.19      0.027     0         0.19      0.19     -0.077    -0.12    ......... ......... ......... ......... ......... ......... ......... 
  -2.5e-07  -2.6e-07   0         2.5e-07   6.7e-07  -7.5e-07   6.2e-09 ......... ......... ......... ......... ......... ......... ......... 
   0.059     0.06      0        -0.059    -0.16      0.18     -0.0015  ......... ......... ......... ......... ......... ......... ......... 
   0.26      0.25     -9.8e-05   0         0         0         0       ......... ......... ......... ......... ......... ......... ......... 
   0.26      0.25     -9.8e-05   0         0         0         0       ......... ......... ......... ......... ......... ......... ......... 
  -0.079     0.14      0.077     0         0         0         0       ......... ......... ......... ......... ......... ......... ......... 
   0.59      0.37     -0.077     0         0         0         0       ......... ......... ......... ......... ......... ......... ......... 
   0.059     0.047     0        -0.059    -0.16      0.17     -0.0064  ......... ......... ......... ......... ......... ......... ......... 
  -0.036    -0.05      0         0.036     0.13     -0.16      0.02    ......... ......... ......... ......... ......... ......... ......... 
  -0.18      0.022     0         0.18      0.18     -0.075    -0.11    ......... ......... ......... ......... ......... ......... ......... 
   0.2      -0.025     0        -0.2      -0.21      0.086     0.13    ......... ......... ......... ......... ......... ......... ......... 
 ......... ......... ......... ......... ......... ......... .........   0.098     0.1      -0.013     0        -0.098     0         0       
 ......... ......... ......... ......... ......... ......... .........  -2.5e-09   4.1e-07   4.9e-07   0         2.5e-09   0         0       
 ......... ......... ......... ......... ......... ......... .........   0.00058  -0.097    -0.12      0        -0.00058   0         0       
 ......... ......... ......... ......... ......... ......... .........   0.19      0.19      0.077    -0.12     -0.19      0.027     0       
 ......... ......... ......... ......... ......... ......... .........   2.5e-07   6.7e-07   7.5e-07   5.3e-09  -2.5e-07  -2.6e-07   0       
 ......... ......... ......... ......... ......... ......... .........  -0.06     -0.16     -0.18     -0.0013    0.06      0.06      0       
 ......... ......... ......... ......... ......... ......... .........   0         0         0         0        -0.25     -0.25     -0.00021 
 ......... ......... ......... ......... ......... ......... .........   0         0         0         0        -0.25     -0.25     -0.00021 
 ......... ......... ......... ......... ......... ......... .........   0         0         0         0         0.079    -0.14     -0.077   
 ......... ......... ......... ......... ......... ......... .........   0         0         0         0        -0.59     -0.37      0.077   
 ......... ......... ......... ......... ......... ......... .........  -0.037    -0.13     -0.16     -0.02      0.037     0.05      0       
 ......... ......... ......... ......... ......... ......... .........   0.059     0.16      0.17      0.0061   -0.059    -0.047     0       
 ......... ......... ......... ......... ......... ......... .........   0.2       0.21      0.086    -0.13     -0.2       0.024     0       
 ......... ......... ......... ......... ......... ......... .........  -0.18     -0.18     -0.075     0.11      0.18     -0.022     0       

EFC_POS
   2.3e-08 
  -0.0024  
  -6.7e-07 
  -5.1e-08 
   0.0045  
   6.9e-07 
  -2.2e-08 
  -0.0024  
   6.6e-07 
   5e-08   
   0.0045  
  -6.9e-07 
  -0.00024 
  -0.00024 
  -0.00024 
  -0.00024 
  -0.00024 
  -0.00024 
  -0.00024 
  -0.00024 
  -0.0005  
  -0.0005  
  -0.0005  
  -0.0005  
  -0.0005  
  -0.0005  
  -0.0005  
  -0.0005  

EFC_MARGIN
   0       
   0       
   0       
   0       
   0       
   0       
   0       
   0       
   0       
   0       
   0       
   0       
   0       
   0       
   0       
   0       
   0       
   0       
   0       
   0       
   0       
   0       
   0       
   0       
   0       
   0       
   0       
   0       

EFC_FRICTIONLOSS
   0       
   0       
   0       
   0       
   0       
   0       
   0       
   0       
   0       
   0       
   0       
   0       
   0       
   0       
   0       
   0       
   0       
   0       
   0       
   0       
   0       
   0       
   0       
   0       
   0       
   0       
   0       
   0       

EFC_DIAGAPPROX
   3.2     
   3.2     
   3.2     
   7.7     
   7.7     
   7.7     
   3.2     
   3.2     
   3.2     
   7.8     
   7.8     
   7.8     
   1.6     
   1.6     
   1.6     
   1.6     
   1.6     
   1.6     
   1.6     
   1.6     
   31      
   31      
   31      
   31      
   31      
   31      
   31      
   31      

EFC_KBIP
   2.6e+05   1e+03     0.99      0       
   2.6e+05   1e+03     0.99      0       
   2.6e+05   1e+03     0.99      0       
   2.6e+05   1e+03     0.99      0       
   2.6e+05   1e+03     0.99      0       
   2.6e+05   1e+03     0.99      0       
   2.6e+05   1e+03     0.99      0       
   2.6e+05   1e+03     0.99      0       
   2.6e+05   1e+03     0.99      0       
   2.6e+05   1e+03     0.99      0       
   2.6e+05   1e+03     0.99      0       
   2.6e+05   1e+03     0.99      0       
   2.8e+03   1.1e+02   0.91     -47      
   2.8e+03   1.1e+02   0.91     -47      
   2.8e+03   1.1e+02   0.91     -47      
   2.8e+03   1.1e+02   0.91     -47      
   2.8e+03   1.1e+02   0.91     -47      
   2.8e+03   1.1e+02   0.91     -47      
   2.8e+03   1.1e+02   0.91     -47      
   2.8e+03   1.1e+02   0.91     -47      
   2.8e+03   1.1e+02   0.92     -1e+02   
   2.8e+03   1.1e+02   0.92     -1e+02   
   2.8e+03   1.1e+02   0.92     -1e+02   
   2.8e+03   1.1e+02   0.92     -1e+02   
   2.8e+03   1.1e+02   0.92     -99      
   2.8e+03   1.1e+02   0.92     -99      
   2.8e+03   1.1e+02   0.92     -99      
   2.8e+03   1.1e+02   0.92     -99      

EFC_D
   31      
   31      
   31      
   13      
   13      
   13      
   31      
   31      
   31      
   13      
   13      
   13      
   5.8     
   5.8     
   5.8     
   5.8     
   5.8     
   5.8     
   5.8     
   5.8     
   0.4     
   0.4     
   0.4     
   0.4     
   0.4     
   0.4     
   0.4     
   0.4     

EFC_R
   0.032   
   0.032   
   0.032   
   0.077   
   0.077   
   0.077   
   0.032   
   0.032   
   0.032   
   0.078   
   0.078   
   0.078   
   0.17    
   0.17    
   0.17    
   0.17    
   0.17    
   0.17    
   0.17    
   0.17    
   2.5     
   2.5     
   2.5     
   2.5     
   2.5     
   2.5     
   2.5     
   2.5     

ACTUATOR_VELOCITY
  -0.0048  
   0.036   
   0.0046  
  -0.034   
   0.1     
  -0.095   

CVEL
   0         0         0         0         0         0       
   0         0         0         0         0         0       
   0        -0.036    -1.5e-07   0.0038   -7.5e-09   0.0018  
   0         3.5e-05   1.5e-10   0.0078   -1.2e-10   2.8e-05 
  -2.5e-18   0.1       4.3e-07   0.023    -8.9e-08   0.021   
   0         0.0048    2e-08    -0.00051   9.9e-10  -0.00023 
  -7.6e-21  -0.03     -1.3e-07   0.0034    8.3e-09  -0.002   
   8.2e-19  -0.0008   -3.4e-09   0.0036   -2.8e-10   6.6e-05 
  -3.1e-19  -0.037    -1.6e-07   0.0047   -1.7e-08   0.004   
   0         0.0046    2e-08    -0.00049   9.5e-10  -0.00022 
   0        -0.029    -1.2e-07   0.0032    7.9e-09  -0.0019  
  -3.9e-19  -0.00067  -2.9e-09   0.0033   -2.2e-10   5.2e-05 
  -1.5e-19  -0.035    -1.5e-07   0.0044   -1.6e-08   0.0038  
   0        -0.034    -1.4e-07   0.0036   -7e-09     0.0017  
   0         0.00011   4.8e-10   0.0073   -4e-11     9.5e-06 
   5e-19     0.095     4e-07     0.022    -8.3e-08   0.02    

CDOF_DOT
   0         0        -0         0         0        -0       
  -8e-18     0         0         2.9e-05   3.3e-08  -0.0078  
   8.1e-18  -3.6e-27   8.5e-22  -2.1e-05  -3.3e-08   0.0078  
   0         0        -0         0         0        -0       
  -6.6e-24  -4.4e-27   1e-21    -0.00047   9.9e-11  -2.3e-05 
   6.8e-18  -3.6e-24   8.4e-19  -0.00012  -1.5e-08   0.0036  
   6.9e-18  -3.6e-24   8.4e-19   2.2e-05  -1.5e-08   0.0035  
   0         0         0         0         0         0       
   1e-18     0         0         0.00045  -9.6e-11   2.3e-05 
  -5.3e-18   1.7e-24  -4e-19    -9.8e-05  -1.4e-08   0.0033  
   5.5e-18  -1.7e-24   3.9e-19  -2.2e-05   1.4e-08  -0.0033  
   0         0         0         0         0         0       
   2.6e-23  -0         0        -1.5e-05  -3.1e-08   0.0073  
   2.5e-20  -2.5e-27   5.9e-22  -1.4e-05   3.1e-08  -0.0073  

QFRC_BIAS
   3.4     
   3.4     
  -1.8e-05 
   0.12    
  -0.16    
   0.21    
  -0.00061 
  -0.13    
   0.16    
   0.2     
   0.00055 
  -3.4     
  -3.4     
   3.6e-06 

QFRC_SPRING
   0       
   0       
   0       
   0       
   0       
   0       
   0       
   0       
   0       
   0       
   0       
   0       
   0       
   0       

QFRC_DAMPER
   0       
   0       
   0       
   0       
   0       
   0       
   0       
   0       
   0       
   0       
   0       
   0       
   0       
   0       

QFRC_GRAVCOMP
   0       
   0       
   0       
   0       
   0       
   0       
   0       
   0       
   0       
   0       
   0       
   0       
   0       
   0       

QFRC_FLUID
  -1.4e-07 
  -7e-09   
  -6.4e-09 
  -1.6e-08 
  -1.7e-08 
   9.3e-10 
   4.9e-09 
   1.5e-08 
   1.6e-08 
   9.1e-10 
  -4.5e-09 
   1.3e-07 
   6e-09   
   6e-09   

QFRC_PASSIVE
  -1.4e-07 
  -7e-09   
  -6.4e-09 
  -1.6e-08 
  -1.7e-08 
   9.3e-10 
   4.9e-09 
   1.5e-08 
   1.6e-08 
   9.1e-10 
  -4.5e-09 
   1.3e-07 
   6e-09   
   6e-09   

EFC_VEL
   1.2e-09 
   5e-14   
  -1.2e-08 
  -4.5e-08 
   5.3e-14 
  -1.2e-08 
  -3.5e-09 
  -5.5e-14 
   1.3e-08 
   5.9e-08 
  -2.1e-13 
   4.9e-08 
   1.1e-05 
   1.1e-05 
  -1.1e-05 
   3.2e-05 
   6.1e-06 
   6.1e-06 
   2.4e-05 
  -1.1e-05 
   0.00043 
  -0.00043 
   0.00011 
  -0.00012 
  -0.00041 
   0.0004  
  -0.00011 
   0.0001  

EFC_AREF
  -0.0058  
   6.1e+02 
   0.17    
   0.013   
  -1.1e+03 
  -0.17    
   0.0055  
   6.1e+02 
  -0.17    
  -0.013   
  -1.1e+03 
   0.17    
   0.59    
   0.59    
   0.59    
   0.59    
   0.59    
   0.59    
   0.59    
   0.59    
   1.2     
   1.3     
   1.3     
   1.3     
   1.3     
   1.2     
   1.3     
   1.3     

SUBTREE_LINVEL
   0         0         0       
   0         0         0       
   0         0         0       
   0         0         0       
   0         0         0       
   0         0         0       
   0         0         0       
   0         0         0       
   0         0         0       
   0         0         0       
   0         0         0       
   0         0         0       
   0         0         0       
   0         0         0       
   0         0         0       
   0         0         0       

SUBTREE_ANGMOM
   0         0         0       
   0         0         0       
   0         0         0       
   0         0         0       
   0         0         0       
   0         0         0       
   0         0         0       
   0         0         0       
   0         0         0       
   0         0         0       
   0         0         0       
   0         0         0       
   0         0         0       
   0         0         0       
   0         0         0       
   0         0         0       

ACTUATOR_FORCE
   0       
   0       
   0       
   0       
   0       
   0       

QFRC_ACTUATOR
   0       
   0       
   0       
   0       
   0       
   0       
   0       
   0       
   0       
   0       
   0       
   0       
   0       
   0       

QFRC_SMOOTH
  -3.4     
  -3.4     
   1.8e-05 
  -0.12    
   0.16    
  -0.21    
   0.00061 
   0.13    
  -0.16    
  -0.2     
  -0.00055 
   3.4     
   3.4     
  -3.6e-06 

QACC_SMOOTH
   5.1     
  -46      
  -41      
  -1.1e+02 
   1e+02   
   0.61    
  -3.6     
   1.1e+02 
  -1e+02   
   0.5     
   3.5     
  -5.2     
   46      
   41      

EFC_B
  -0.47    
  -6.1e+02 
  -10      
  -2.3     
   1.1e+03 
  -12      
   0.47    
  -6.1e+02 
   10      
   2.3     
   1.1e+03 
   12      
  -11      
  -11      
  -10      
  -12      
  -11      
  -11      
  -10      
  -12      
  -13      
   10      
  -3.3     
   0.9     
   10      
  -13      
   0.9     
  -3.3     

EFC_FORCE
  -0.18    
   1.9e+04 
   5.3     
   0.17    
  -1.5e+04 
  -2.3     
   0.17    
   1.9e+04 
  -5.2     
  -0.16    
  -1.4e+04 
   2.2     
   3.4     
   3.4     
   3.5     
   3.4     
   3.5     
   3.5     
   3.4     
   3.5     
   0.49    
   0.53    
   0.51    
   0.52    
   0.52    
   0.49    
   0.51    
   0.5     

EFC_STATE
  1
  1
  1
  1
  1
  1
  1
  1
  1
  1
  1
  1
  1
  1
  1
  1
  1
  1
  1
  1
  1
  0
  1
  0
  0
  1
  0
  1

QFRC_CONSTRAINT
   3.4     
   3.4     
   2.3e-05 
   0.12    
  -0.16    
   0.21    
  -0.00062 
  -0.13    
   0.16    
   0.2     
   0.00064 
  -3.4     
  -3.4     
  -0.00038 

QFRC_INVERSE
   0       
   0       
   0       
   0       
   0       
   0       
   0       
   0       
   0       
   0       
   0       
   0       
   0       
   0       

CACC
   0         0         0         0         0         0       
   0         0         0         0         0         0       
   0         0         0         0         0         0       
   0         0         0         0         0         0       
   0         0         0         0         0         0       
   0         0         0         0         0         0       
   0         0         0         0         0         0       
   0         0         0         0         0         0       
   0         0         0         0         0         0       
   0         0         0         0         0         0       
   0         0         0         0         0         0       
   0         0         0         0         0         0       
   0         0         0         0         0         0       
   0         0         0         0         0         0       
   0         0         0         0         0         0       
   0         0         0         0         0         0       

CFRC_INT
   0         0         0         0         0         0       
   0         0         0         0         0         0       
   0         0         0         0         0         0       
   0         0         0         0         0         0       
   0         0         0         0         0         0       
   0         0         0         0         0         0       
   0         0         0         0         0         0       
   0         0         0         0         0         0       
   0         0         0         0         0         0       
   0         0         0         0         0         0       
   0         0         0         0         0         0       
   0         0         0         0         0         0       
   0         0         0         0         0         0       
   0         0         0         0         0         0       
   0         0         0         0         0         0       
   0         0         0         0         0         0       

CFRC_EXT
   0         0         0         0         0         0       
   0         0         0         0         0         0       
   0         0         0         0         0         0       
   0         0         0         0         0         0       
   0         0         0         0         0         0       
   0         0         0         0         0         0       
   0         0         0         0         0         0       
   0         0         0         0         0         0       
   0         0         0         0         0         0       
   0         0         0         0         0         0       
   0         0         0         0         0         0       
   0         0         0         0         0         0       
   0         0         0         0         0         0       
   0         0         0         0         0         0       
   0         0         0         0         0         0       
   0         0         0         0         0         0       

TREE_ISLAND
  0 0 1 1

ISLAND_NTREE
  2 2

ISLAND_ITREEADR
  0 2

MAP_ITREE2TREE
  0 1 2 3

DOF_ISLAND            0 0 0 0 0 0 0 1 1 1 1 1 1 1

ISLAND_NV             7 7

ISLAND_IDOFADR        0 7

MAP_IDOF2DOF          0 1 2 3 4 5 6 | 7 8 9 10 11 12 13

EFC_ISLAND            0 0 0 0 0 0 1 1 1 1 1 1 0 0 0 0 1 1 1 1 0 0 0 0 1 1 1 1

ISLAND_NEFC           14 14

ISLAND_IEFCADR        0 14

MAP_IEFC2EFC          0 1 2 3 4 5 12 13 14 15 20 21 22 23 | 6 7 8 9 10 11 16 17 18 19 24 25 26 27

